# Created by Octave 3.8.2, Sun Mar 20 06:44:14 2016 Paris, Madrid <unknown@unknown>
# name: testFlatResult
# type: matrix
# rows: 21
# columns: 6
 70 100 1583.333333333333 13 2 21
 316.5 100 1666.666666666667 15 2 21
 563 100 1666.666666666667 15 2 21
 809.5 100 1666.666666666667 15 2 21
 1056 100 1666.666666666667 15 2 21
 1302.5 100 1716.666666666667 16 2 21
 1549 100 1716.666666666667 16 2 21
 1795.5 100 1733.333333333333 16 2 21
 2042 100 1733.333333333333 16 2 21
 2288.5 100 1733.333333333333 16 2 21
 2535 100 1733.333333333333 16 2 21
 2781.5 100 1750 16 2 21
 3028 100 1733.333333333333 16 2 21
 3274.5 100 1733.333333333333 16 2 21
 3521 100 1733.333333333333 16 2 21
 3767.5 100 1733.333333333333 16 2 21
 4014 100 1733.333333333333 16 2 21
 4260.5 100 1733.333333333333 16 2 21
 4507 100 1733.333333333333 16 2 21
 4753.5 100 1733.333333333333 16 2 21
 5000 100 1733.333333333333 16 2 21


